100
0 9.0735000000e+03 6.6600884975e-08 6.1341690540e-10 0 -1.0000000000e+00 -1.0000000000e+00 -1.0000000000e+00 -1.0000000000e+00
0 9.0745101000e+03 6.7229518371e-08 6.1920683376e-10 0 -1.0000000000e+00 -1.0000000000e+00 -1.0000000000e+00 -1.0000000000e+00
0 9.0755202000e+03 6.6988460942e-08 6.1698661247e-10 0 -1.0000000000e+00 -1.0000000000e+00 -1.0000000000e+00 -1.0000000000e+00
0 9.0765303000e+03 6.6717536209e-08 6.1449130312e-10 0 -1.0000000000e+00 -1.0000000000e+00 -1.0000000000e+00 -1.0000000000e+00
0 9.0775404000e+03 6.8095748821e-08 6.2718511216e-10 0 -1.0000000000e+00 -1.0000000000e+00 -1.0000000000e+00 -1.0000000000e+00
0 9.0785505000e+03 6.8403764007e-08 6.3002203725e-10 0 -1.0000000000e+00 -1.0000000000e+00 -1.0000000000e+00 -1.0000000000e+00
0 9.0795606000e+03 6.7602070872e-08 6.2263816957e-10 0 -1.0000000000e+00 -1.0000000000e+00 -1.0000000000e+00 -1.0000000000e+00
0 9.0805707000e+03 6.8466795224e-08 6.3060257630e-10 0 -1.0000000000e+00 -1.0000000000e+00 -1.0000000000e+00 -1.0000000000e+00
0 9.0815808000e+03 6.9643405568e-08 6.4143955957e-10 0 -1.0000000000e+00 -1.0000000000e+00 -1.0000000000e+00 -1.0000000000e+00
0 9.0825909000e+03 6.9419263223e-08 6.3937513199e-10 0 -1.0000000000e+00 -1.0000000000e+00 -1.0000000000e+00 -1.0000000000e+00
0 9.0836010000e+03 7.0521249735e-08 6.4952480427e-10 0 -1.0000000000e+00 -1.0000000000e+00 -1.0000000000e+00 -1.0000000000e+00
0 9.0846111000e+03 7.1016620256e-08 6.5408733602e-10 0 -1.0000000000e+00 -1.0000000000e+00 -1.0000000000e+00 -1.0000000000e+00
0 9.0856212000e+03 7.1088606313e-08 6.5475035219e-10 0 -1.0000000000e+00 -1.0000000000e+00 -1.0000000000e+00 -1.0000000000e+00
0 9.0866313000e+03 7.3107174619e-08 6.7334205595e-10 0 -1.0000000000e+00 -1.0000000000e+00 -1.0000000000e+00 -1.0000000000e+00
0 9.0876414000e+03 7.3620709749e-08 6.7807188996e-10 0 -1.0000000000e+00 -1.0000000000e+00 -1.0000000000e+00 -1.0000000000e+00
0 9.0886515000e+03 7.3525840876e-08 6.7719811522e-10 0 -1.0000000000e+00 -1.0000000000e+00 -1.0000000000e+00 -1.0000000000e+00
0 9.0896616000e+03 7.4589895722e-08 6.8699842390e-10 0 -1.0000000000e+00 -1.0000000000e+00 -1.0000000000e+00 -1.0000000000e+00
0 9.0906717000e+03 7.4500639385e-08 6.8617634254e-10 0 -1.0000000000e+00 -1.0000000000e+00 -1.0000000000e+00 -1.0000000000e+00
0 9.0916818000e+03 7.6243004120e-08 7.0222411704e-10 0 -1.0000000000e+00 -1.0000000000e+00 -1.0000000000e+00 -1.0000000000e+00
0 9.0926919000e+03 7.7588972392e-08 7.1462094469e-10 0 -1.0000000000e+00 -1.0000000000e+00 -1.0000000000e+00 -1.0000000000e+00
0 9.0937020000e+03 7.6616092722e-08 7.0566039053e-10 0 -1.0000000000e+00 -1.0000000000e+00 -1.0000000000e+00 -1.0000000000e+00
0 9.0947121000e+03 7.8995072134e-08 7.2757160372e-10 0 -1.0000000000e+00 -1.0000000000e+00 -1.0000000000e+00 -1.0000000000e+00
0 9.0957222000e+03 8.0079250552e-08 7.3755725736e-10 0 -1.0000000000e+00 -1.0000000000e+00 -1.0000000000e+00 -1.0000000000e+00
0 9.0967323000e+03 8.2634232927e-08 7.6108951797e-10 0 -1.0000000000e+00 -1.0000000000e+00 -1.0000000000e+00 -1.0000000000e+00
0 9.0977424000e+03 8.3552605989e-08 7.6954804765e-10 0 -1.0000000000e+00 -1.0000000000e+00 -1.0000000000e+00 -1.0000000000e+00
0 9.0987525000e+03 8.4792999805e-08 7.8097249849e-10 0 -1.0000000000e+00 -1.0000000000e+00 -1.0000000000e+00 -1.0000000000e+00
0 9.0997626000e+03 8.7748560365e-08 8.0819422103e-10 0 -1.0000000000e+00 -1.0000000000e+00 -1.0000000000e+00 -1.0000000000e+00
0 9.1007727000e+03 8.8674755565e-08 8.1672479527e-10 0 -1.0000000000e+00 -1.0000000000e+00 -1.0000000000e+00 -1.0000000000e+00
0 9.1017828000e+03 9.1900949830e-08 8.4643914670e-10 0 -1.0000000000e+00 -1.0000000000e+00 -1.0000000000e+00 -1.0000000000e+00
0 9.1027929000e+03 9.4345241391e-08 8.6895190710e-10 0 -1.0000000000e+00 -1.0000000000e+00 -1.0000000000e+00 -1.0000000000e+00
0 9.1038030000e+03 9.7660737590e-08 8.9948875986e-10 0 -1.0000000000e+00 -1.0000000000e+00 -1.0000000000e+00 -1.0000000000e+00
0 9.1048131000e+03 9.8846204975e-08 9.1040731950e-10 0 -1.0000000000e+00 -1.0000000000e+00 -1.0000000000e+00 -1.0000000000e+00
0 9.1058232000e+03 1.0444315922e-07 9.6195718038e-10 0 -1.0000000000e+00 -1.0000000000e+00 -1.0000000000e+00 -1.0000000000e+00
0 9.1068333000e+03 1.0991070663e-07 1.0123151600e-09 0 -1.0000000000e+00 -1.0000000000e+00 -1.0000000000e+00 -1.0000000000e+00
0 9.1078434000e+03 1.1305245559e-07 1.0412517413e-09 0 -1.0000000000e+00 -1.0000000000e+00 -1.0000000000e+00 -1.0000000000e+00
0 9.1088535000e+03 1.2109326804e-07 1.1153103712e-09 0 -1.0000000000e+00 -1.0000000000e+00 -1.0000000000e+00 -1.0000000000e+00
0 9.1098636000e+03 1.2625250390e-07 1.1628286962e-09 0 -1.0000000000e+00 -1.0000000000e+00 -1.0000000000e+00 -1.0000000000e+00
0 9.1108737000e+03 1.3686109173e-07 1.2605374146e-09 0 -1.0000000000e+00 -1.0000000000e+00 -1.0000000000e+00 -1.0000000000e+00
0 9.1118838000e+03 1.4551909998e-07 1.3402806287e-09 0 -1.0000000000e+00 -1.0000000000e+00 -1.0000000000e+00 -1.0000000000e+00
0 9.1128939000e+03 1.5459662194e-07 1.4238877074e-09 0 -1.0000000000e+00 -1.0000000000e+00 -1.0000000000e+00 -1.0000000000e+00
0 9.1139040000e+03 1.6717063803e-07 1.5396986916e-09 0 -1.0000000000e+00 -1.0000000000e+00 -1.0000000000e+00 -1.0000000000e+00
0 9.1149141000e+03 1.8445056930e-07 1.6988527624e-09 0 -1.0000000000e+00 -1.0000000000e+00 -1.0000000000e+00 -1.0000000000e+00
0 9.1159242000e+03 2.0541871114e-07 1.8919765127e-09 0 -1.0000000000e+00 -1.0000000000e+00 -1.0000000000e+00 -1.0000000000e+00
0 9.1169343000e+03 2.3176080997e-07 2.1345962430e-09 0 -1.0000000000e+00 -1.0000000000e+00 -1.0000000000e+00 -1.0000000000e+00
0 9.1179444000e+03 2.6828722907e-07 2.4710170424e-09 0 -1.0000000000e+00 -1.0000000000e+00 -1.0000000000e+00 -1.0000000000e+00
0 9.1189545000e+03 3.1099972142e-07 2.8644136901e-09 0 -1.0000000000e+00 -1.0000000000e+00 -1.0000000000e+00 -1.0000000000e+00
0 9.1199646000e+03 3.6993038120e-07 3.4071852009e-09 0 -1.0000000000e+00 -1.0000000000e+00 -1.0000000000e+00 -1.0000000000e+00
0 9.1209747000e+03 4.4291460370e-07 4.0793948258e-09 0 -1.0000000000e+00 -1.0000000000e+00 -1.0000000000e+00 -1.0000000000e+00
0 9.1219848000e+03 5.4065472149e-07 4.9796147044e-09 0 -1.0000000000e+00 -1.0000000000e+00 -1.0000000000e+00 -1.0000000000e+00
0 9.1229949000e+03 6.3101546048e-07 5.8118679830e-09 0 -1.0000000000e+00 -1.0000000000e+00 -1.0000000000e+00 -1.0000000000e+00
0 9.1240051000e+03 6.1904183537e-07 5.7015868049e-09 0 -1.0000000000e+00 -1.0000000000e+00 -1.0000000000e+00 -1.0000000000e+00
0 9.1250152000e+03 5.4430208760e-07 5.0132081924e-09 0 -1.0000000000e+00 -1.0000000000e+00 -1.0000000000e+00 -1.0000000000e+00
0 9.1260253000e+03 4.5006993218e-07 4.1452978458e-09 0 -1.0000000000e+00 -1.0000000000e+00 -1.0000000000e+00 -1.0000000000e+00
0 9.1270354000e+03 3.6630259892e-07 3.3737720866e-09 0 -1.0000000000e+00 -1.0000000000e+00 -1.0000000000e+00 -1.0000000000e+00
0 9.1280455000e+03 3.0602717976e-07 2.8186148825e-09 0 -1.0000000000e+00 -1.0000000000e+00 -1.0000000000e+00 -1.0000000000e+00
0 9.1290556000e+03 2.6239768551e-07 2.4167723340e-09 0 -1.0000000000e+00 -1.0000000000e+00 -1.0000000000e+00 -1.0000000000e+00
0 9.1300657000e+03 2.3291636302e-07 2.1452392814e-09 0 -1.0000000000e+00 -1.0000000000e+00 -1.0000000000e+00 -1.0000000000e+00
0 9.1310758000e+03 2.0577850135e-07 1.8952903035e-09 0 -1.0000000000e+00 -1.0000000000e+00 -1.0000000000e+00 -1.0000000000e+00
0 9.1320859000e+03 1.8417895308e-07 1.6963510842e-09 0 -1.0000000000e+00 -1.0000000000e+00 -1.0000000000e+00 -1.0000000000e+00
0 9.1330960000e+03 1.6680151851e-07 1.5362989747e-09 0 -1.0000000000e+00 -1.0000000000e+00 -1.0000000000e+00 -1.0000000000e+00
0 9.1341061000e+03 1.5555357618e-07 1.4327015829e-09 0 -1.0000000000e+00 -1.0000000000e+00 -1.0000000000e+00 -1.0000000000e+00
0 9.1351162000e+03 1.4398591149e-07 1.3261594389e-09 0 -1.0000000000e+00 -1.0000000000e+00 -1.0000000000e+00 -1.0000000000e+00
0 9.1361263000e+03 1.3578131176e-07 1.2505922722e-09 0 -1.0000000000e+00 -1.0000000000e+00 -1.0000000000e+00 -1.0000000000e+00
0 9.1371364000e+03 1.2790278469e-07 1.1780283461e-09 0 -1.0000000000e+00 -1.0000000000e+00 -1.0000000000e+00 -1.0000000000e+00
0 9.1381465000e+03 1.1883927674e-07 1.0945503412e-09 0 -1.0000000000e+00 -1.0000000000e+00 -1.0000000000e+00 -1.0000000000e+00
0 9.1391566000e+03 1.1249157567e-07 1.0360858457e-09 0 -1.0000000000e+00 -1.0000000000e+00 -1.0000000000e+00 -1.0000000000e+00
0 9.1401667000e+03 1.0892310174e-07 1.0032189816e-09 0 -1.0000000000e+00 -1.0000000000e+00 -1.0000000000e+00 -1.0000000000e+00
0 9.1411768000e+03 1.0346655758e-07 9.5296234562e-10 0 -1.0000000000e+00 -1.0000000000e+00 -1.0000000000e+00 -1.0000000000e+00
0 9.1421869000e+03 1.0021206236e-07 9.2298733271e-10 0 -1.0000000000e+00 -1.0000000000e+00 -1.0000000000e+00 -1.0000000000e+00
0 9.1431970000e+03 9.7705722379e-08 8.9990308513e-10 0 -1.0000000000e+00 -1.0000000000e+00 -1.0000000000e+00 -1.0000000000e+00
0 9.1442071000e+03 9.3773472814e-08 8.6368572315e-10 0 -1.0000000000e+00 -1.0000000000e+00 -1.0000000000e+00 -1.0000000000e+00
0 9.1452172000e+03 9.0107304862e-08 8.2991906374e-10 0 -1.0000000000e+00 -1.0000000000e+00 -1.0000000000e+00 -1.0000000000e+00
0 9.1462273000e+03 8.9010245732e-08 8.1981477433e-10 0 -1.0000000000e+00 -1.0000000000e+00 -1.0000000000e+00 -1.0000000000e+00
0 9.1472374000e+03 8.5577579773e-08 7.8819874804e-10 0 -1.0000000000e+00 -1.0000000000e+00 -1.0000000000e+00 -1.0000000000e+00
0 9.1482475000e+03 8.6952084942e-08 8.0085841026e-10 0 -1.0000000000e+00 -1.0000000000e+00 -1.0000000000e+00 -1.0000000000e+00
0 9.1492576000e+03 8.2504948967e-08 7.5989876853e-10 0 -1.0000000000e+00 -1.0000000000e+00 -1.0000000000e+00 -1.0000000000e+00
0 9.1502677000e+03 8.1492942624e-08 7.5057784435e-10 0 -1.0000000000e+00 -1.0000000000e+00 -1.0000000000e+00 -1.0000000000e+00
0 9.1512778000e+03 8.0352612219e-08 7.4007501171e-10 0 -1.0000000000e+00 -1.0000000000e+00 -1.0000000000e+00 -1.0000000000e+00
0 9.1522879000e+03 7.8769846653e-08 7.2549720009e-10 0 -1.0000000000e+00 -1.0000000000e+00 -1.0000000000e+00 -1.0000000000e+00
0 9.1532980000e+03 7.9089713076e-08 7.2844327913e-10 0 -1.0000000000e+00 -1.0000000000e+00 -1.0000000000e+00 -1.0000000000e+00
0 9.1543081000e+03 7.6743216922e-08 7.0683124785e-10 0 -1.0000000000e+00 -1.0000000000e+00 -1.0000000000e+00 -1.0000000000e+00
0 9.1553182000e+03 7.5356375233e-08 6.9405796207e-10 0 -1.0000000000e+00 -1.0000000000e+00 -1.0000000000e+00 -1.0000000000e+00
0 9.1563283000e+03 7.3702123347e-08 6.7882173701e-10 0 -1.0000000000e+00 -1.0000000000e+00 -1.0000000000e+00 -1.0000000000e+00
0 9.1573384000e+03 7.4254025015e-08 6.8390493993e-10 0 -1.0000000000e+00 -1.0000000000e+00 -1.0000000000e+00 -1.0000000000e+00
0 9.1583485000e+03 7.3695335444e-08 6.7875921810e-10 0 -1.0000000000e+00 -1.0000000000e+00 -1.0000000000e+00 -1.0000000000e+00
0 9.1593586000e+03 7.2798092531e-08 6.7049530433e-10 0 -1.0000000000e+00 -1.0000000000e+00 -1.0000000000e+00 -1.0000000000e+00
0 9.1603687000e+03 7.1226236925e-08 6.5601797716e-10 0 -1.0000000000e+00 -1.0000000000e+00 -1.0000000000e+00 -1.0000000000e+00
0 9.1613788000e+03 7.1036245585e-08 6.5426809200e-10 0 -1.0000000000e+00 -1.0000000000e+00 -1.0000000000e+00 -1.0000000000e+00
0 9.1623889000e+03 7.1062421126e-08 6.5450917768e-10 0 -1.0000000000e+00 -1.0000000000e+00 -1.0000000000e+00 -1.0000000000e+00
0 9.1633990000e+03 6.9887579613e-08 6.4368848595e-10 0 -1.0000000000e+00 -1.0000000000e+00 -1.0000000000e+00 -1.0000000000e+00
0 9.1644091000e+03 6.9701159054e-08 6.4197148891e-10 0 -1.0000000000e+00 -1.0000000000e+00 -1.0000000000e+00 -1.0000000000e+00
0 9.1654192000e+03 6.8725831027e-08 6.3298838455e-10 0 -1.0000000000e+00 -1.0000000000e+00 -1.0000000000e+00 -1.0000000000e+00
0 9.1664293000e+03 6.9400084621e-08 6.3919849051e-10 0 -1.0000000000e+00 -1.0000000000e+00 -1.0000000000e+00 -1.0000000000e+00
0 9.1674394000e+03 6.8801831614e-08 6.3368837592e-10 0 -1.0000000000e+00 -1.0000000000e+00 -1.0000000000e+00 -1.0000000000e+00
0 9.1684495000e+03 6.8504641830e-08 6.3095115647e-10 0 -1.0000000000e+00 -1.0000000000e+00 -1.0000000000e+00 -1.0000000000e+00
0 9.1694596000e+03 6.8871572649e-08 6.3433071468e-10 0 -1.0000000000e+00 -1.0000000000e+00 -1.0000000000e+00 -1.0000000000e+00
0 9.1704697000e+03 6.7471443243e-08 6.2143504449e-10 0 -1.0000000000e+00 -1.0000000000e+00 -1.0000000000e+00 -1.0000000000e+00
0 9.1714798000e+03 6.7229518371e-08 6.1920683376e-10 0 -1.0000000000e+00 -1.0000000000e+00 -1.0000000000e+00 -1.0000000000e+00
0 9.1724899000e+03 6.7136701489e-08 6.1835195856e-10 0 -1.0000000000e+00 -1.0000000000e+00 -1.0000000000e+00 -1.0000000000e+00
0 9.1735000000e+03 6.7056363851e-08 6.1761202147e-10 0 -1.0000000000e+00 -1.0000000000e+00 -1.0000000000e+00 -1.0000000000e+00
