9072.500000 8.27549e-08 0.000000
9074.510100 6.72295e-08 0.000000
9079.560600 6.76021e-08 0.000000
9085.621200 7.10886e-08 0.000000
9092.691900 7.7589e-08 1.755152
9093.702000 7.66161e-08 0.000000
9100.772700 8.86748e-08 0.000000
9104.813100 9.88462e-08 0.000000
9109.863600 1.26253e-07 0.000000
9112.893900 1.54597e-07 0.000000
9114.914100 1.84451e-07 0.000000
9116.934300 2.31761e-07 0.000000
9117.944400 2.68287e-07 0.000000
9118.954500 3.11e-07 0.000000
9119.964600 3.6993e-07 0.000000
9120.974700 4.42915e-07 0.000000
9122.994900 6.31015e-07 9.989183
9124.005100 6.19042e-07 7.501749
9127.035400 3.66303e-07 0.000000
9128.045500 3.06027e-07 0.000000
9129.055600 2.62398e-07 0.000000
9131.075800 2.05779e-07 0.000000
9133.096000 1.66802e-07 0.000000
9135.116200 1.43986e-07 0.000000
9138.146500 1.18839e-07 0.000000
9141.176800 1.03467e-07 0.000000
9145.217200 9.01073e-08 0.000000
9156.328300 7.37021e-08 0.000000
9160.368700 7.12262e-08 0.000000
9172.489900 6.71367e-08 0.000000
9174.500000 8.27549e-08 0.000000
