2 310
9.125015e+03 0.000000e+00 0.000000e+00 2.022551e+01 0.000000e+00
9.122995e+03 0.000000e+00 0.000000e+00 9.647743e+01 0.000000e+00
7.0000000000e-01 5.0000000000e-01 1.5000000000e-01 3.5000000000e+00 1.0000000000e-02 1.0162990000e+01 9.1248500000e+03 
7.0000000000e-01 5.0000000000e-01 -1.5000000000e-01 6.6415930000e+00 1.0000000000e-02 1.0162990000e+01 9.1231600000e+03 
7.0000000000e-01 5.0000000000e-01 1.5000000000e-01 3.5000000000e+00 1.0000000000e-02 7.5328110000e+00 9.1243700000e+03 
7.0000000000e-01 5.0000000000e-01 -1.5000000000e-01 6.6415930000e+00 1.0000000000e-02 7.5328110000e+00 9.1236400000e+03 
7.0000000000e-01 5.0000000000e-01 1.5000000000e-01 3.5000000000e+00 1.0000000000e-02 2.9106760000e+01 9.1225220000e+03 
7.0000000000e-01 5.0000000000e-01 -1.5000000000e-01 6.6415930000e+00 1.0000000000e-02 2.9106760000e+01 9.1254880000e+03 
7.0000000000e-01 1.0000000000e-01 0.0000000000e+00 5.3800000000e+00 1.0000000000e-02 2.2111200000e+01 9.1244570000e+03 
7.0000000000e-01 1.0000000000e-01 -0.0000000000e+00 8.5215930000e+00 1.0000000000e-02 2.2111200000e+01 9.1235530000e+03 
7.0000000000e-01 1.0000000000e-01 0.0000000000e+00 5.3800000000e+00 1.0000000000e-02 5.4476080000e+00 9.1233550000e+03 
7.0000000000e-01 1.0000000000e-01 -0.0000000000e+00 8.5215930000e+00 1.0000000000e-02 5.4476080000e+00 9.1246550000e+03 
7.0000000000e-01 1.0000000000e-01 0.0000000000e+00 5.3800000000e+00 1.0000000000e-02 7.2285230000e+00 9.1228120000e+03 
7.0000000000e-01 1.0000000000e-01 -0.0000000000e+00 8.5215930000e+00 1.0000000000e-02 7.2285230000e+00 9.1251980000e+03 
7.0000000000e-01 5.0000000000e-01 0.0000000000e+00 2.0000000000e+00 1.0000000000e-02 1.8553420000e+00 9.1252250000e+03 
7.0000000000e-01 5.0000000000e-01 -0.0000000000e+00 5.1415930000e+00 1.0000000000e-02 1.8553420000e+00 9.1227850000e+03 
7.0000000000e-01 5.0000000000e-01 0.0000000000e+00 2.0000000000e+00 1.0000000000e-02 1.5074620000e+00 9.1248070000e+03 
7.0000000000e-01 5.0000000000e-01 -0.0000000000e+00 5.1415930000e+00 1.0000000000e-02 1.5074620000e+00 9.1232030000e+03 
7.0000000000e-01 5.0000000000e-01 0.0000000000e+00 2.0000000000e+00 1.0000000000e-02 8.0397150000e+00 9.1239050000e+03 
7.0000000000e-01 5.0000000000e-01 -0.0000000000e+00 5.1415930000e+00 1.0000000000e-02 8.0397150000e+00 9.1241050000e+03 
7.0000000000e-01 5.0000000000e-01 -1.0000000000e-01 1.5700000000e+00 1.0000000000e-02 4.0881040000e+00 9.1250680000e+03 
7.0000000000e-01 5.0000000000e-01 1.0000000000e-01 4.7115930000e+00 1.0000000000e-02 4.0881040000e+00 9.1229430000e+03 
7.0000000000e-01 5.0000000000e-01 -1.0000000000e-01 1.5700000000e+00 1.0000000000e-02 3.8854160000e+00 9.1249650000e+03 
7.0000000000e-01 5.0000000000e-01 1.0000000000e-01 4.7115930000e+00 1.0000000000e-02 3.8854160000e+00 9.1230450000e+03 
7.0000000000e-01 5.0000000000e-01 -1.0000000000e-01 1.5700000000e+00 1.0000000000e-02 7.8366950000e+01 9.1239990000e+03 
7.0000000000e-01 5.0000000000e-01 1.0000000000e-01 4.7115930000e+00 1.0000000000e-02 7.8366950000e+01 9.1240110000e+03 
7.0000000000e-01 5.0000000000e-01 1.0000000000e-01 1.3500000000e+00 1.0000000000e-02 1.2833820000e+01 9.1240510000e+03 
7.0000000000e-01 5.0000000000e-01 -1.0000000000e-01 4.4915930000e+00 1.0000000000e-02 1.2833820000e+01 9.1239590000e+03 
7.0000000000e-01 5.0000000000e-01 1.0000000000e-01 1.3500000000e+00 1.0000000000e-02 1.6785760000e+00 9.1231330000e+03 
7.0000000000e-01 5.0000000000e-01 -1.0000000000e-01 4.4915930000e+00 1.0000000000e-02 1.6785760000e+00 9.1248770000e+03 
7.0000000000e-01 5.0000000000e-01 1.0000000000e-01 1.3500000000e+00 1.0000000000e-02 1.9311580000e+00 9.1228500000e+03 
7.0000000000e-01 5.0000000000e-01 -1.0000000000e-01 4.4915930000e+00 1.0000000000e-02 1.9311580000e+00 9.1251600000e+03 
6.5000000000e-01 1.0000000000e-01 5.2000000000e-01 5.0000000000e+00 1.0000000000e-02 1.7389840000e+00 9.1235000000e+03 
6.5000000000e-01 1.0000000000e-01 -5.2000000000e-01 8.1415930000e+00 1.0000000000e-02 1.7389840000e+00 9.1245100000e+03 
6.5000000000e-01 1.0000000000e-01 5.2000000000e-01 5.0000000000e+00 1.0000000000e-02 1.7267960000e+00 9.1234970000e+03 
6.5000000000e-01 1.0000000000e-01 -5.2000000000e-01 8.1415930000e+00 1.0000000000e-02 1.7267960000e+00 9.1245130000e+03 
6.5000000000e-01 1.0000000000e-01 5.2000000000e-01 5.0000000000e+00 1.0000000000e-02 2.4637800000e+02 8.9083800000e+03 
6.5000000000e-01 1.0000000000e-01 -5.2000000000e-01 8.1415930000e+00 1.0000000000e-02 2.4637800000e+02 9.3396300000e+03 
7.0000000000e-01 5.0000000000e-01 -3.5000000000e-01 1.5000000000e+00 1.0000000000e-02 4.8286330000e+01 9.1720770000e+03 
7.0000000000e-01 5.0000000000e-01 3.5000000000e-01 4.6415930000e+00 1.0000000000e-02 4.8286330000e+01 9.0759330000e+03 
7.0000000000e-01 5.0000000000e-01 -3.5000000000e-01 1.5000000000e+00 1.0000000000e-02 1.9589270000e+00 9.1249860000e+03 
7.0000000000e-01 5.0000000000e-01 3.5000000000e-01 4.6415930000e+00 1.0000000000e-02 1.9589270000e+00 9.1230240000e+03 
7.0000000000e-01 5.0000000000e-01 -3.5000000000e-01 1.5000000000e+00 1.0000000000e-02 2.0417590000e+00 9.1249850000e+03 
7.0000000000e-01 5.0000000000e-01 3.5000000000e-01 4.6415930000e+00 1.0000000000e-02 2.0417590000e+00 9.1230250000e+03 
7.0000000000e-01 5.0000000000e-01 8.0000000000e-01 4.0000000000e+00 1.0000000000e-02 3.9859130000e+00 9.1228160000e+03 
7.0000000000e-01 5.0000000000e-01 -8.0000000000e-01 7.1415930000e+00 1.0000000000e-02 3.9859130000e+00 9.1251950000e+03 
7.0000000000e-01 5.0000000000e-01 8.0000000000e-01 4.0000000000e+00 1.0000000000e-02 3.6090960000e+00 9.1228320000e+03 
7.0000000000e-01 5.0000000000e-01 -8.0000000000e-01 7.1415930000e+00 1.0000000000e-02 3.6090960000e+00 9.1251780000e+03 
7.0000000000e-01 5.0000000000e-01 8.0000000000e-01 4.0000000000e+00 1.0000000000e-02 3.8176490000e+01 9.1019270000e+03 
7.0000000000e-01 5.0000000000e-01 -8.0000000000e-01 7.1415930000e+00 1.0000000000e-02 3.8176490000e+01 9.1460830000e+03 
7.0000000000e-01 1.0000000000e-01 1.0000000000e-01 4.6000000000e+00 1.0000000000e-02 1.0027800000e+01 9.1250830000e+03 
7.0000000000e-01 1.0000000000e-01 -1.0000000000e-01 7.7415930000e+00 1.0000000000e-02 1.0027800000e+01 9.1229270000e+03 
7.0000000000e-01 1.0000000000e-01 1.0000000000e-01 4.6000000000e+00 1.0000000000e-02 5.6507150000e+00 9.1241720000e+03 
7.0000000000e-01 1.0000000000e-01 -1.0000000000e-01 7.7415930000e+00 1.0000000000e-02 5.6507150000e+00 9.1238390000e+03 
7.0000000000e-01 1.0000000000e-01 1.0000000000e-01 4.6000000000e+00 1.0000000000e-02 1.2945660000e+01 9.1230820000e+03 
7.0000000000e-01 1.0000000000e-01 -1.0000000000e-01 7.7415930000e+00 1.0000000000e-02 1.2945660000e+01 9.1249280000e+03 
7.0000000000e-01 5.0000000000e-01 -2.0000000000e-01 1.4000000000e+00 1.0000000000e-02 3.6986930000e+00 9.1249010000e+03 
7.0000000000e-01 5.0000000000e-01 2.0000000000e-01 4.5415930000e+00 1.0000000000e-02 3.6986930000e+00 9.1231090000e+03 
7.0000000000e-01 5.0000000000e-01 -2.0000000000e-01 1.4000000000e+00 1.0000000000e-02 1.2286010000e+00 9.1236280000e+03 
7.0000000000e-01 5.0000000000e-01 2.0000000000e-01 4.5415930000e+00 1.0000000000e-02 1.2286010000e+00 9.1243820000e+03 
7.0000000000e-01 5.0000000000e-01 -2.0000000000e-01 1.4000000000e+00 1.0000000000e-02 1.8396970000e+00 9.1229380000e+03 
7.0000000000e-01 5.0000000000e-01 2.0000000000e-01 4.5415930000e+00 1.0000000000e-02 1.8396970000e+00 9.1250720000e+03 
7.0000000000e-01 5.0000000000e-01 3.0000000000e-01 1.9300000000e+00 1.0000000000e-02 1.6496150000e+00 9.1248400000e+03 
7.0000000000e-01 5.0000000000e-01 -3.0000000000e-01 5.0715930000e+00 1.0000000000e-02 1.6496150000e+00 9.1231700000e+03 
7.0000000000e-01 1.0000000000e-01 2.5000000000e-01 5.3000000000e+00 1.0000000000e-02 1.9878780000e+00 9.1231980000e+03 
7.0000000000e-01 1.0000000000e-01 -2.5000000000e-01 8.4415930000e+00 1.0000000000e-02 1.9878780000e+00 9.1248120000e+03 
7.0000000000e-01 5.0000000000e-01 1.1200000000e+00 3.2000000000e+00 1.0000000000e-02 8.7644790000e+00 9.1258510000e+03 
7.0000000000e-01 5.0000000000e-01 -1.1200000000e+00 6.3415930000e+00 1.0000000000e-02 8.7644790000e+00 9.1221590000e+03 
7.0000000000e-01 1.0000000000e-01 7.5000000000e-01 4.6000000000e+00 1.0000000000e-02 2.6094310000e+00 9.1249350000e+03 
7.0000000000e-01 1.0000000000e-01 -7.5000000000e-01 7.7415930000e+00 1.0000000000e-02 2.6094310000e+00 9.1230760000e+03 
7.0000000000e-01 1.0000000000e-01 7.5000000000e-01 4.6000000000e+00 1.0000000000e-02 1.5745710000e+00 9.1241650000e+03 
7.0000000000e-01 1.0000000000e-01 -7.5000000000e-01 7.7415930000e+00 1.0000000000e-02 1.5745710000e+00 9.1238450000e+03 
7.0000000000e-01 1.0000000000e-01 7.5000000000e-01 4.6000000000e+00 1.0000000000e-02 3.9703250000e+00 9.1228720000e+03 
7.0000000000e-01 1.0000000000e-01 -7.5000000000e-01 7.7415930000e+00 1.0000000000e-02 3.9703250000e+00 9.1251380000e+03 
9.0000000000e-01 3.0000000000e-02 -1.5000000000e-01 2.0000000000e+00 1.0000000000e-02 5.8945560000e+00 9.1246280000e+03 
9.0000000000e-01 3.0000000000e-02 1.5000000000e-01 5.1415930000e+00 1.0000000000e-02 5.8945560000e+00 9.1233830000e+03 
9.0000000000e-01 3.0000000000e-02 -1.5000000000e-01 2.0000000000e+00 1.0000000000e-02 5.5023560000e+00 9.1245190000e+03 
9.0000000000e-01 3.0000000000e-02 1.5000000000e-01 5.1415930000e+00 1.0000000000e-02 5.5023560000e+00 9.1234910000e+03 
9.0000000000e-01 3.0000000000e-02 -1.5000000000e-01 2.0000000000e+00 1.0000000000e-02 8.2697500000e+01 9.1175570000e+03 
9.0000000000e-01 3.0000000000e-02 1.5000000000e-01 5.1415930000e+00 1.0000000000e-02 8.2697500000e+01 9.1304530000e+03 
9.0000000000e-01 3.0000000000e-02 -1.0000000000e-01 1.6000000000e+00 1.0000000000e-02 6.8276440000e+01 9.1333090000e+03 
9.0000000000e-01 3.0000000000e-02 1.0000000000e-01 4.7415930000e+00 1.0000000000e-02 6.8276440000e+01 9.1147010000e+03 
9.0000000000e-01 3.0000000000e-02 -1.0000000000e-01 1.6000000000e+00 1.0000000000e-02 7.6905220000e+00 9.1241570000e+03 
9.0000000000e-01 3.0000000000e-02 1.0000000000e-01 4.7415930000e+00 1.0000000000e-02 7.6905220000e+00 9.1238530000e+03 
9.0000000000e-01 3.0000000000e-02 -1.0000000000e-01 1.6000000000e+00 1.0000000000e-02 8.6667240000e+00 9.1240480000e+03 
9.0000000000e-01 3.0000000000e-02 1.0000000000e-01 4.7415930000e+00 1.0000000000e-02 8.6667240000e+00 9.1239620000e+03 
9.0000000000e-01 3.0000000000e-02 -2.0000000000e-01 2.3000000000e+00 1.0000000000e-02 4.1895820000e+00 9.1249730000e+03 
9.0000000000e-01 3.0000000000e-02 2.0000000000e-01 5.4415930000e+00 1.0000000000e-02 4.1895820000e+00 9.1230370000e+03 
9.0000000000e-01 3.0000000000e-02 -2.0000000000e-01 2.3000000000e+00 1.0000000000e-02 3.9416640000e+00 9.1248560000e+03 
9.0000000000e-01 3.0000000000e-02 2.0000000000e-01 5.4415930000e+00 1.0000000000e-02 3.9416640000e+00 9.1231540000e+03 
9.0000000000e-01 3.0000000000e-02 -2.0000000000e-01 2.3000000000e+00 1.0000000000e-02 6.6610620000e+01 9.1223210000e+03 
9.0000000000e-01 3.0000000000e-02 2.0000000000e-01 5.4415930000e+00 1.0000000000e-02 6.6610620000e+01 9.1256890000e+03 
1.5000000000e+00 5.0000000000e-01 1.0000000000e-01 3.2000000000e+00 1.0000000000e-02 1.5085870000e+01 9.1299230000e+03 
1.5000000000e+00 5.0000000000e-01 -1.0000000000e-01 6.3415930000e+00 1.0000000000e-02 1.5085870000e+01 9.1180870000e+03 
1.5000000000e+00 5.0000000000e-01 1.0000000000e-01 3.2000000000e+00 1.0000000000e-02 1.8504640000e+00 9.1238450000e+03 
1.5000000000e+00 5.0000000000e-01 -1.0000000000e-01 6.3415930000e+00 1.0000000000e-02 1.8504640000e+00 9.1241650000e+03 
1.5000000000e+00 5.0000000000e-01 1.0000000000e-01 3.2000000000e+00 1.0000000000e-02 2.1091810000e+00 9.1236810000e+03 
1.5000000000e+00 5.0000000000e-01 -1.0000000000e-01 6.3415930000e+00 1.0000000000e-02 2.1091810000e+00 9.1243290000e+03 
1.5000000000e+00 5.0000000000e-01 0.0000000000e+00 3.0000000000e+00 1.0000000000e-02 2.0712530000e+01 9.1322190000e+03 
1.5000000000e+00 5.0000000000e-01 -0.0000000000e+00 6.1415930000e+00 1.0000000000e-02 2.0712530000e+01 9.1157910000e+03 
1.5000000000e+00 5.0000000000e-01 0.0000000000e+00 3.0000000000e+00 1.0000000000e-02 1.8338860000e+00 9.1238120000e+03 
1.5000000000e+00 5.0000000000e-01 -0.0000000000e+00 6.1415930000e+00 1.0000000000e-02 1.8338860000e+00 9.1241980000e+03 
1.5000000000e+00 5.0000000000e-01 0.0000000000e+00 3.0000000000e+00 1.0000000000e-02 2.0120310000e+00 9.1236950000e+03 
1.5000000000e+00 5.0000000000e-01 -0.0000000000e+00 6.1415930000e+00 1.0000000000e-02 2.0120310000e+00 9.1243150000e+03 
9.0000000000e-01 3.0000000000e-02 -2.6000000000e-01 1.6500000000e+00 1.0000000000e-02 5.1902380000e+00 9.1241460000e+03 
9.0000000000e-01 3.0000000000e-02 2.6000000000e-01 4.7915930000e+00 1.0000000000e-02 5.1902380000e+00 9.1238640000e+03 
9.0000000000e-01 3.0000000000e-02 -2.6000000000e-01 1.6500000000e+00 1.0000000000e-02 4.8585930000e+00 9.1240720000e+03 
9.0000000000e-01 3.0000000000e-02 2.6000000000e-01 4.7915930000e+00 1.0000000000e-02 4.8585930000e+00 9.1239380000e+03 
9.0000000000e-01 3.0000000000e-02 -2.6000000000e-01 1.6500000000e+00 1.0000000000e-02 7.6036880000e+01 9.1102600000e+03 
9.0000000000e-01 3.0000000000e-02 2.6000000000e-01 4.7915930000e+00 1.0000000000e-02 7.6036880000e+01 9.1377500000e+03 
1.5000000000e+00 5.0000000000e-01 3.0000000000e-01 2.8000000000e+00 1.0000000000e-02 4.3214050000e+00 9.1216380000e+03 
1.5000000000e+00 5.0000000000e-01 -3.0000000000e-01 5.9415930000e+00 1.0000000000e-02 4.3214050000e+00 9.1263730000e+03 
1.5000000000e+00 5.0000000000e-01 3.0000000000e-01 2.8000000000e+00 1.0000000000e-02 1.0443530000e+01 9.1168520000e+03 
1.5000000000e+00 5.0000000000e-01 -3.0000000000e-01 5.9415930000e+00 1.0000000000e-02 1.0443530000e+01 9.1311580000e+03 
9.0000000000e-01 3.0000000000e-02 -3.0000000000e-01 1.8000000000e+00 1.0000000000e-02 4.8830180000e+00 9.1243850000e+03 
9.0000000000e-01 3.0000000000e-02 3.0000000000e-01 4.9415930000e+00 1.0000000000e-02 4.8830180000e+00 9.1236250000e+03 
9.0000000000e-01 3.0000000000e-02 -3.0000000000e-01 1.8000000000e+00 1.0000000000e-02 4.7351520000e+00 9.1243430000e+03 
9.0000000000e-01 3.0000000000e-02 3.0000000000e-01 4.9415930000e+00 1.0000000000e-02 4.7351520000e+00 9.1236670000e+03 
9.0000000000e-01 3.0000000000e-02 -3.0000000000e-01 1.8000000000e+00 1.0000000000e-02 1.5637000000e+02 9.1028080000e+03 
9.0000000000e-01 3.0000000000e-02 3.0000000000e-01 4.9415930000e+00 1.0000000000e-02 1.5637000000e+02 9.1452030000e+03 
1.5000000000e+00 5.0000000000e-01 3.0000000000e-01 2.9000000000e+00 1.0000000000e-02 2.2924090000e+00 9.1241160000e+03 
1.5000000000e+00 5.0000000000e-01 -3.0000000000e-01 6.0415930000e+00 1.0000000000e-02 2.2924090000e+00 9.1238950000e+03 
1.5000000000e+00 5.0000000000e-01 3.0000000000e-01 2.9000000000e+00 1.0000000000e-02 1.9226300000e+00 9.1239350000e+03 
1.5000000000e+00 5.0000000000e-01 -3.0000000000e-01 6.0415930000e+00 1.0000000000e-02 1.9226300000e+00 9.1240750000e+03 
1.5000000000e+00 5.0000000000e-01 3.0000000000e-01 2.9000000000e+00 1.0000000000e-02 1.1919170000e+01 9.1183170000e+03 
1.5000000000e+00 5.0000000000e-01 -3.0000000000e-01 6.0415930000e+00 1.0000000000e-02 1.1919170000e+01 9.1296930000e+03 
1.5000000000e+00 5.0000000000e-01 2.5000000000e-01 2.7500000000e+00 1.0000000000e-02 3.8110960000e+00 9.1222010000e+03 
1.5000000000e+00 5.0000000000e-01 -2.5000000000e-01 5.8915930000e+00 1.0000000000e-02 3.8110960000e+00 9.1258090000e+03 
1.5000000000e+00 5.0000000000e-01 2.5000000000e-01 2.7500000000e+00 1.0000000000e-02 2.8575670000e+01 9.1039130000e+03 
1.5000000000e+00 5.0000000000e-01 -2.5000000000e-01 5.8915930000e+00 1.0000000000e-02 2.8575670000e+01 9.1440970000e+03 
1.5000000000e+00 5.0000000000e-01 3.5000000000e-01 2.2000000000e+00 1.0000000000e-02 3.4492000000e+00 9.1227880000e+03 
1.5000000000e+00 5.0000000000e-01 -3.5000000000e-01 5.3415930000e+00 1.0000000000e-02 3.4492000000e+00 9.1252220000e+03 
1.5000000000e+00 5.0000000000e-01 3.5000000000e-01 2.2000000000e+00 1.0000000000e-02 1.8706480000e+01 9.1129350000e+03 
1.5000000000e+00 5.0000000000e-01 -3.5000000000e-01 5.3415930000e+00 1.0000000000e-02 1.8706480000e+01 9.1350760000e+03 
1.5000000000e+00 5.0000000000e-01 2.5000000000e-01 2.5000000000e+00 1.0000000000e-02 3.6466190000e+00 9.1246640000e+03 
1.5000000000e+00 5.0000000000e-01 -2.5000000000e-01 5.6415930000e+00 1.0000000000e-02 3.6466190000e+00 9.1233460000e+03 
1.5000000000e+00 5.0000000000e-01 2.5000000000e-01 2.5000000000e+00 1.0000000000e-02 1.9343940000e+00 9.1238800000e+03 
1.5000000000e+00 5.0000000000e-01 -2.5000000000e-01 5.6415930000e+00 1.0000000000e-02 1.9343940000e+00 9.1241300000e+03 
1.5000000000e+00 5.0000000000e-01 2.5000000000e-01 2.5000000000e+00 1.0000000000e-02 4.1197820000e+00 9.1225980000e+03 
1.5000000000e+00 5.0000000000e-01 -2.5000000000e-01 5.6415930000e+00 1.0000000000e-02 4.1197820000e+00 9.1254120000e+03 
1.5000000000e+00 5.0000000000e-01 2.5000000000e-01 2.0000000000e+00 1.0000000000e-02 6.0060050000e+00 9.1232390000e+03 
1.5000000000e+00 5.0000000000e-01 -2.5000000000e-01 5.1415930000e+00 1.0000000000e-02 6.0060050000e+00 9.1247710000e+03 
1.5000000000e+00 5.0000000000e-01 2.5000000000e-01 2.0000000000e+00 1.0000000000e-02 3.9428180000e+00 9.1231550000e+03 
1.5000000000e+00 5.0000000000e-01 -2.5000000000e-01 5.1415930000e+00 1.0000000000e-02 3.9428180000e+00 9.1248550000e+03 
1.5000000000e+00 5.0000000000e-01 2.5000000000e-01 2.0000000000e+00 1.0000000000e-02 1.1477670000e+01 9.1196000000e+03 
1.5000000000e+00 5.0000000000e-01 -2.5000000000e-01 5.1415930000e+00 1.0000000000e-02 1.1477670000e+01 9.1284100000e+03 
1.5000000000e+00 5.0000000000e-01 7.0000000000e-01 1.5000000000e+00 1.0000000000e-02 3.1611640000e+01 9.1255130000e+03 
1.5000000000e+00 5.0000000000e-01 -7.0000000000e-01 4.6415930000e+00 1.0000000000e-02 3.1611640000e+01 9.1224970000e+03 
1.5000000000e+00 5.0000000000e-01 7.0000000000e-01 1.5000000000e+00 1.0000000000e-02 4.7470570000e+00 9.1233730000e+03 
1.5000000000e+00 5.0000000000e-01 -7.0000000000e-01 4.6415930000e+00 1.0000000000e-02 4.7470570000e+00 9.1246370000e+03 
1.5000000000e+00 5.0000000000e-01 7.0000000000e-01 1.5000000000e+00 1.0000000000e-02 5.5858770000e+00 9.1230830000e+03 
1.5000000000e+00 5.0000000000e-01 -7.0000000000e-01 4.6415930000e+00 1.0000000000e-02 5.5858770000e+00 9.1249270000e+03 
1.5000000000e+00 5.0000000000e-01 4.5000000000e-01 4.6000000000e+00 1.0000000000e-02 5.6147520000e+00 9.1252930000e+03 
1.5000000000e+00 5.0000000000e-01 -4.5000000000e-01 7.7415930000e+00 1.0000000000e-02 5.6147520000e+00 9.1227170000e+03 
1.5000000000e+00 5.0000000000e-01 4.5000000000e-01 4.6000000000e+00 1.0000000000e-02 2.9434990000e+00 9.1242000000e+03 
1.5000000000e+00 5.0000000000e-01 -4.5000000000e-01 7.7415930000e+00 1.0000000000e-02 2.9434990000e+00 9.1238100000e+03 
1.5000000000e+00 5.0000000000e-01 4.5000000000e-01 4.6000000000e+00 1.0000000000e-02 6.1869910000e+00 9.1233010000e+03 
1.5000000000e+00 5.0000000000e-01 -4.5000000000e-01 7.7415930000e+00 1.0000000000e-02 6.1869910000e+00 9.1247090000e+03 
1.5000000000e+00 5.0000000000e-01 3.3000000000e-01 3.2000000000e+00 1.0000000000e-02 1.9822990000e+00 9.1237230000e+03 
1.5000000000e+00 5.0000000000e-01 -3.3000000000e-01 6.3415930000e+00 1.0000000000e-02 1.9822990000e+00 9.1242870000e+03 
9.0000000000e-01 1.0000000000e-01 -4.5000000000e-01 1.6500000000e+00 1.0000000000e-02 4.3422100000e+00 9.1250200000e+03 
9.0000000000e-01 1.0000000000e-01 4.5000000000e-01 4.7915930000e+00 1.0000000000e-02 4.3422100000e+00 9.1229900000e+03 
9.0000000000e-01 1.0000000000e-01 -4.5000000000e-01 1.6500000000e+00 1.0000000000e-02 2.4109170000e+00 9.1241190000e+03 
9.0000000000e-01 1.0000000000e-01 4.5000000000e-01 4.7915930000e+00 1.0000000000e-02 2.4109170000e+00 9.1238910000e+03 
9.0000000000e-01 1.0000000000e-01 -4.5000000000e-01 1.6500000000e+00 1.0000000000e-02 5.4205680000e+00 9.1230000000e+03 
9.0000000000e-01 1.0000000000e-01 4.5000000000e-01 4.7915930000e+00 1.0000000000e-02 5.4205680000e+00 9.1250100000e+03 
2.2000000000e+00 5.0000000000e-01 1.0000000000e-01 3.0000000000e+00 1.0000000000e-02 6.2534440000e+00 9.1183290000e+03 
2.2000000000e+00 5.0000000000e-01 -1.0000000000e-01 6.1415930000e+00 1.0000000000e-02 6.2534440000e+00 9.1296810000e+03 
2.2000000000e+00 5.0000000000e-01 1.0000000000e-01 3.0000000000e+00 1.0000000000e-02 4.5566910000e+00 9.1195950000e+03 
2.2000000000e+00 5.0000000000e-01 -1.0000000000e-01 6.1415930000e+00 1.0000000000e-02 4.5566910000e+00 9.1284150000e+03 
2.2000000000e+00 5.0000000000e-01 1.0000000000e-01 3.0000000000e+00 1.0000000000e-02 1.6793850000e+01 9.1050390000e+03 
2.2000000000e+00 5.0000000000e-01 -1.0000000000e-01 6.1415930000e+00 1.0000000000e-02 1.6793850000e+01 9.1429710000e+03 
2.2000000000e+00 5.0000000000e-01 3.5000000000e-01 2.9000000000e+00 1.0000000000e-02 2.9089990000e+01 9.0917820000e+03 
2.2000000000e+00 5.0000000000e-01 -3.5000000000e-01 6.0415930000e+00 1.0000000000e-02 2.9089990000e+01 9.1562280000e+03 
2.2000000000e+00 5.0000000000e-01 3.5000000000e-01 2.9000000000e+00 1.0000000000e-02 9.4076830000e+00 9.1129010000e+03 
2.2000000000e+00 5.0000000000e-01 -3.5000000000e-01 6.0415930000e+00 1.0000000000e-02 9.4076830000e+00 9.1351090000e+03 
2.2000000000e+00 5.0000000000e-01 3.5000000000e-01 2.9000000000e+00 1.0000000000e-02 1.3904340000e+01 9.1071100000e+03 
2.2000000000e+00 5.0000000000e-01 -3.5000000000e-01 6.0415930000e+00 1.0000000000e-02 1.3904340000e+01 9.1409000000e+03 
2.2000000000e+00 5.0000000000e-01 4.0000000000e-01 2.8000000000e+00 1.0000000000e-02 1.0974520000e+01 9.1121880000e+03 
2.2000000000e+00 5.0000000000e-01 -4.0000000000e-01 5.9415930000e+00 1.0000000000e-02 1.0974520000e+01 9.1358220000e+03 
2.2000000000e+00 5.0000000000e-01 4.0000000000e-01 2.8000000000e+00 1.0000000000e-02 8.7447520000e+00 9.1143840000e+03 
2.2000000000e+00 5.0000000000e-01 -4.0000000000e-01 5.9415930000e+00 1.0000000000e-02 8.7447520000e+00 9.1336270000e+03 
2.2000000000e+00 5.0000000000e-01 4.0000000000e-01 2.8000000000e+00 1.0000000000e-02 4.3040050000e+01 9.0726880000e+03 
2.2000000000e+00 5.0000000000e-01 -4.0000000000e-01 5.9415930000e+00 1.0000000000e-02 4.3040050000e+01 9.1753220000e+03 
2.2000000000e+00 5.0000000000e-01 1.0500000000e+00 2.0000000000e+00 1.0000000000e-02 1.1980670000e+01 9.1182750000e+03 
2.2000000000e+00 5.0000000000e-01 -1.0500000000e+00 5.1415930000e+00 1.0000000000e-02 1.1980670000e+01 9.1297350000e+03 
2.2000000000e+00 5.0000000000e-01 1.0500000000e+00 2.0000000000e+00 1.0000000000e-02 7.6928640000e+00 9.1199640000e+03 
2.2000000000e+00 5.0000000000e-01 -1.0500000000e+00 5.1415930000e+00 1.0000000000e-02 7.6928640000e+00 9.1280460000e+03 
2.2000000000e+00 5.0000000000e-01 1.0500000000e+00 2.0000000000e+00 1.0000000000e-02 2.1494840000e+01 9.1109020000e+03 
2.2000000000e+00 5.0000000000e-01 -1.0500000000e+00 5.1415930000e+00 1.0000000000e-02 2.1494840000e+01 9.1371080000e+03 
2.2000000000e+00 5.0000000000e-01 4.5000000000e-01 2.7000000000e+00 1.0000000000e-02 1.2857670000e+00 9.1238630000e+03 
2.2000000000e+00 5.0000000000e-01 -4.5000000000e-01 5.8415930000e+00 1.0000000000e-02 1.2857670000e+00 9.1241470000e+03 
2.2000000000e+00 5.0000000000e-01 4.5000000000e-01 2.7000000000e+00 1.0000000000e-02 1.1335290000e+00 9.1237610000e+03 
2.2000000000e+00 5.0000000000e-01 -4.5000000000e-01 5.8415930000e+00 1.0000000000e-02 1.1335290000e+00 9.1242500000e+03 
2.2000000000e+00 5.0000000000e-01 4.5000000000e-01 2.7000000000e+00 1.0000000000e-02 9.5735200000e+00 9.1144180000e+03 
2.2000000000e+00 5.0000000000e-01 -4.5000000000e-01 5.8415930000e+00 1.0000000000e-02 9.5735200000e+00 9.1335920000e+03 
2.2000000000e+00 5.0000000000e-01 1.0000000000e+00 1.9000000000e+00 1.0000000000e-02 2.0651130000e+01 9.1167900000e+03 
2.2000000000e+00 5.0000000000e-01 -1.0000000000e+00 5.0415930000e+00 1.0000000000e-02 2.0651130000e+01 9.1312200000e+03 
2.2000000000e+00 5.0000000000e-01 1.0000000000e+00 1.9000000000e+00 1.0000000000e-02 8.9488840000e+00 9.1203060000e+03 
2.2000000000e+00 5.0000000000e-01 -1.0000000000e+00 5.0415930000e+00 1.0000000000e-02 8.9488840000e+00 9.1277040000e+03 
2.2000000000e+00 5.0000000000e-01 1.0000000000e+00 1.9000000000e+00 1.0000000000e-02 1.5792230000e+01 9.1167050000e+03 
2.2000000000e+00 5.0000000000e-01 -1.0000000000e+00 5.0415930000e+00 1.0000000000e-02 1.5792230000e+01 9.1313050000e+03 
2.2000000000e+00 5.0000000000e-01 1.2300000000e+00 1.6000000000e+00 1.0000000000e-02 1.0718340000e+01 9.1248200000e+03 
2.2000000000e+00 5.0000000000e-01 -1.2300000000e+00 4.7415930000e+00 1.0000000000e-02 1.0718340000e+01 9.1231900000e+03 
2.2000000000e+00 5.0000000000e-01 1.2300000000e+00 1.6000000000e+00 1.0000000000e-02 9.0539570000e+00 9.1245370000e+03 
2.2000000000e+00 5.0000000000e-01 -1.2300000000e+00 4.7415930000e+00 1.0000000000e-02 9.0539570000e+00 9.1234730000e+03 
2.2000000000e+00 5.0000000000e-01 1.2300000000e+00 1.6000000000e+00 1.0000000000e-02 5.8305920000e+01 9.1219330000e+03 
2.2000000000e+00 5.0000000000e-01 -1.2300000000e+00 4.7415930000e+00 1.0000000000e-02 5.8305920000e+01 9.1260770000e+03 
2.2000000000e+00 5.0000000000e-01 3.5000000000e-01 2.7000000000e+00 1.0000000000e-02 1.4307470000e+00 9.1239490000e+03 
2.2000000000e+00 5.0000000000e-01 -3.5000000000e-01 5.8415930000e+00 1.0000000000e-02 1.4307470000e+00 9.1240610000e+03 
2.2000000000e+00 5.0000000000e-01 3.5000000000e-01 2.7000000000e+00 1.0000000000e-02 1.1140640000e+00 9.1237380000e+03 
2.2000000000e+00 5.0000000000e-01 -3.5000000000e-01 5.8415930000e+00 1.0000000000e-02 1.1140640000e+00 9.1242720000e+03 
2.2000000000e+00 5.0000000000e-01 3.5000000000e-01 2.7000000000e+00 1.0000000000e-02 5.0332590000e+00 9.1192460000e+03 
2.2000000000e+00 5.0000000000e-01 -3.5000000000e-01 5.8415930000e+00 1.0000000000e-02 5.0332590000e+00 9.1287640000e+03 
2.2000000000e+00 5.0000000000e-01 5.0000000000e-02 2.9500000000e+00 1.0000000000e-02 2.3074380000e+00 9.1244830000e+03 
2.2000000000e+00 5.0000000000e-01 -5.0000000000e-02 6.0915930000e+00 1.0000000000e-02 2.3074380000e+00 9.1235270000e+03 
2.2000000000e+00 5.0000000000e-01 5.0000000000e-02 2.9500000000e+00 1.0000000000e-02 1.0942370000e+00 9.1237010000e+03 
2.2000000000e+00 5.0000000000e-01 -5.0000000000e-02 6.0915930000e+00 1.0000000000e-02 1.0942370000e+00 9.1243100000e+03 
2.2000000000e+00 5.0000000000e-01 5.0000000000e-02 2.9500000000e+00 1.0000000000e-02 2.0811740000e+00 9.1225150000e+03 
2.2000000000e+00 5.0000000000e-01 -5.0000000000e-02 6.0915930000e+00 1.0000000000e-02 2.0811740000e+00 9.1254950000e+03 
2.2000000000e+00 5.0000000000e-01 3.5000000000e-01 3.0000000000e+00 1.0000000000e-02 1.0985740000e+00 9.1237480000e+03 
2.2000000000e+00 5.0000000000e-01 -3.5000000000e-01 6.1415930000e+00 1.0000000000e-02 1.0985740000e+00 9.1242630000e+03 
1.8000000000e+00 3.0000000000e-02 1.0000000000e+00 2.3000000000e+00 1.0000000000e-02 2.5075090000e+00 9.1232080000e+03 
1.8000000000e+00 3.0000000000e-02 -1.0000000000e+00 5.4415930000e+00 1.0000000000e-02 2.5075090000e+00 9.1248020000e+03 
1.8000000000e+00 3.0000000000e-02 1.0000000000e+00 2.3000000000e+00 1.0000000000e-02 2.0733570000e+00 9.1231710000e+03 
1.8000000000e+00 3.0000000000e-02 -1.0000000000e+00 5.4415930000e+00 1.0000000000e-02 2.0733570000e+00 9.1248390000e+03 
1.8000000000e+00 3.0000000000e-02 1.0000000000e+00 2.3000000000e+00 1.0000000000e-02 1.1974990000e+01 9.1143670000e+03 
1.8000000000e+00 3.0000000000e-02 -1.0000000000e+00 5.4415930000e+00 1.0000000000e-02 1.1974990000e+01 9.1336440000e+03 
1.1267926932e+00 1.0000000000e-03 1.1244324114e-01 2.0691940318e+00 1.0000000000e-03 2.4999980021e+01 9.1234851440e+03 
1.0083924206e+00 1.0000000000e-03 1.1244324114e-01 2.0691940318e+00 1.0000000000e-03 2.4999980021e+01 9.1234851440e+03 
9.5834156040e-01 1.0000000000e-04 1.1244324114e-01 5.2808659946e+00 1.0000000000e-03 2.4999980021e+01 9.1234851440e+03 
9.5834156040e-01 1.0000000000e-04 1.1244324114e-01 5.1407073762e+00 1.0000000000e-03 2.4999980021e+01 9.1234851440e+03 
9.1819180879e-01 1.0000000000e-04 1.1244324114e-01 5.2612958587e+00 1.0000000000e-03 2.4999980021e+01 9.1234851440e+03 
9.1819180879e-01 1.0000000000e-04 1.1244324114e-01 5.1602775121e+00 1.0000000000e-03 2.4999980021e+01 9.1234851440e+03 
1.1267926932e+00 1.0000000000e-03 1.1244324114e-01 2.0691940318e+00 1.0000000000e-03 2.4999980021e+01 9.1234851440e+03 
1.0083924206e+00 1.0000000000e-03 1.1244324114e-01 2.0691940318e+00 1.0000000000e-03 2.4999980021e+01 9.1234851440e+03 
9.5834156040e-01 1.0000000000e-04 1.1244324114e-01 5.2808659946e+00 1.0000000000e-03 2.4999980021e+01 9.1234851440e+03 
9.5834156040e-01 1.0000000000e-04 1.1244324114e-01 5.1407073762e+00 1.0000000000e-03 2.4999980021e+01 9.1234851440e+03 
9.1819180879e-01 1.0000000000e-04 1.1244324114e-01 5.2612958587e+00 1.0000000000e-03 2.4999980021e+01 9.1234851440e+03 
9.1819180879e-01 1.0000000000e-04 1.1244324114e-01 5.1602775121e+00 1.0000000000e-03 2.4999980021e+01 9.1234851440e+03 
1.1267926932e+00 1.0000000000e-03 1.1244324114e-01 2.0691940318e+00 1.0000000000e-03 2.4999980021e+01 9.1234851440e+03 
1.0083924206e+00 1.0000000000e-03 1.1244324114e-01 2.0691940318e+00 1.0000000000e-03 2.4999980021e+01 9.1234851440e+03 
9.5834156040e-01 1.0000000000e-04 1.1244324114e-01 5.2808659946e+00 1.0000000000e-03 2.4999980021e+01 9.1234851440e+03 
9.5834156040e-01 1.0000000000e-04 1.1244324114e-01 5.1407073762e+00 1.0000000000e-03 2.4999980021e+01 9.1234851440e+03 
9.1819180879e-01 1.0000000000e-04 1.1244324114e-01 5.2612958587e+00 1.0000000000e-03 2.4999980021e+01 9.1234851440e+03 
9.1819180879e-01 1.0000000000e-04 1.1244324114e-01 5.1602775121e+00 1.0000000000e-03 2.4999980021e+01 9.1234851440e+03 
1.1267926932e+00 1.0000000000e-03 1.1244324114e-01 2.0691940318e+00 1.0000000000e-03 2.4999980021e+01 9.1234851440e+03 
1.0083924206e+00 1.0000000000e-03 1.1244324114e-01 2.0691940318e+00 1.0000000000e-03 2.4999980021e+01 9.1234851440e+03 
9.5834156040e-01 1.0000000000e-04 1.1244324114e-01 5.2808659946e+00 1.0000000000e-03 2.4999980021e+01 9.1234851440e+03 
9.5834156040e-01 1.0000000000e-04 1.1244324114e-01 5.1407073762e+00 1.0000000000e-03 2.4999980021e+01 9.1234851440e+03 
9.1819180879e-01 1.0000000000e-04 1.1244324114e-01 5.2612958587e+00 1.0000000000e-03 2.4999980021e+01 9.1234851440e+03 
9.1819180879e-01 1.0000000000e-04 1.1244324114e-01 5.1602775121e+00 1.0000000000e-03 2.4999980021e+01 9.1234851440e+03 
1.1267926932e+00 1.0000000000e-03 1.1244324114e-01 2.0691940318e+00 1.0000000000e-03 2.4999980021e+01 9.1234851440e+03 
1.0083924206e+00 1.0000000000e-03 1.1244324114e-01 2.0691940318e+00 1.0000000000e-03 2.4999980021e+01 9.1234851440e+03 
9.5834156040e-01 1.0000000000e-04 1.1244324114e-01 5.2808659946e+00 1.0000000000e-03 2.4999980021e+01 9.1234851440e+03 
9.5834156040e-01 1.0000000000e-04 1.1244324114e-01 5.1407073762e+00 1.0000000000e-03 2.4999980021e+01 9.1234851440e+03 
9.1819180879e-01 1.0000000000e-04 1.1244324114e-01 5.2612958587e+00 1.0000000000e-03 2.4999980021e+01 9.1234851440e+03 
9.1819180879e-01 1.0000000000e-04 1.1244324114e-01 5.1602775121e+00 1.0000000000e-03 2.4999980021e+01 9.1234851440e+03 
1.1267926932e+00 1.0000000000e-03 1.1244324114e-01 2.0691940318e+00 1.0000000000e-03 2.4999980021e+01 9.1234851440e+03 
1.0083924206e+00 1.0000000000e-03 1.1244324114e-01 2.0691940318e+00 1.0000000000e-03 2.4999980021e+01 9.1234851440e+03 
9.5834156040e-01 1.0000000000e-04 1.1244324114e-01 5.2808659946e+00 1.0000000000e-03 2.4999980021e+01 9.1234851440e+03 
9.5834156040e-01 1.0000000000e-04 1.1244324114e-01 5.1407073762e+00 1.0000000000e-03 2.4999980021e+01 9.1234851440e+03 
9.1819180879e-01 1.0000000000e-04 1.1244324114e-01 5.2612958587e+00 1.0000000000e-03 2.4999980021e+01 9.1234851440e+03 
9.1819180879e-01 1.0000000000e-04 1.1244324114e-01 5.1602775121e+00 1.0000000000e-03 2.4999980021e+01 9.1234851440e+03 
1.1267926932e+00 1.0000000000e-03 1.1244324114e-01 2.0691940318e+00 1.0000000000e-03 2.4999980021e+01 9.1234851440e+03 
1.0083924206e+00 1.0000000000e-03 1.1244324114e-01 2.0691940318e+00 1.0000000000e-03 2.4999980021e+01 9.1234851440e+03 
9.5834156040e-01 1.0000000000e-04 1.1244324114e-01 5.2808659946e+00 1.0000000000e-03 2.4999980021e+01 9.1234851440e+03 
9.5834156040e-01 1.0000000000e-04 1.1244324114e-01 5.1407073762e+00 1.0000000000e-03 2.4999980021e+01 9.1234851440e+03 
9.1819180879e-01 1.0000000000e-04 1.1244324114e-01 5.2612958587e+00 1.0000000000e-03 2.4999980021e+01 9.1234851440e+03 
9.1819180879e-01 1.0000000000e-04 1.1244324114e-01 5.1602775121e+00 1.0000000000e-03 2.4999980021e+01 9.1234851440e+03 
1.1267926932e+00 1.0000000000e-03 1.1244324114e-01 2.0691940318e+00 1.0000000000e-03 2.4999980021e+01 9.1234851440e+03 
1.0083924206e+00 1.0000000000e-03 1.1244324114e-01 2.0691940318e+00 1.0000000000e-03 2.4999980021e+01 9.1234851440e+03 
9.5834156040e-01 1.0000000000e-04 1.1244324114e-01 5.2808659946e+00 1.0000000000e-03 2.4999980021e+01 9.1234851440e+03 
9.5834156040e-01 1.0000000000e-04 1.1244324114e-01 5.1407073762e+00 1.0000000000e-03 2.4999980021e+01 9.1234851440e+03 
9.1819180879e-01 1.0000000000e-04 1.1244324114e-01 5.2612958587e+00 1.0000000000e-03 2.4999980021e+01 9.1234851440e+03 
9.1819180879e-01 1.0000000000e-04 1.1244324114e-01 5.1602775121e+00 1.0000000000e-03 2.4999980021e+01 9.1234851440e+03 
1.1267926932e+00 1.0000000000e-03 1.1244324114e-01 2.0691940318e+00 1.0000000000e-03 2.4999980021e+01 9.1234851440e+03 
1.0083924206e+00 1.0000000000e-03 1.1244324114e-01 2.0691940318e+00 1.0000000000e-03 2.4999980021e+01 9.1234851440e+03 
9.5834156040e-01 1.0000000000e-04 1.1244324114e-01 5.2808659946e+00 1.0000000000e-03 2.4999980021e+01 9.1234851440e+03 
9.5834156040e-01 1.0000000000e-04 1.1244324114e-01 5.1407073762e+00 1.0000000000e-03 2.4999980021e+01 9.1234851440e+03 
9.1819180879e-01 1.0000000000e-04 1.1244324114e-01 5.2612958587e+00 1.0000000000e-03 2.4999980021e+01 9.1234851440e+03 
9.1819180879e-01 1.0000000000e-04 1.1244324114e-01 5.1602775121e+00 1.0000000000e-03 2.4999980021e+01 9.1234851440e+03 
1.1267926932e+00 1.0000000000e-03 1.1244324114e-01 2.0691940318e+00 1.0000000000e-03 2.4999980021e+01 9.1234851440e+03 
1.0083924206e+00 1.0000000000e-03 1.1244324114e-01 2.0691940318e+00 1.0000000000e-03 2.4999980021e+01 9.1234851440e+03 
9.5834156040e-01 1.0000000000e-04 1.1244324114e-01 5.2808659946e+00 1.0000000000e-03 2.4999980021e+01 9.1234851440e+03 
9.5834156040e-01 1.0000000000e-04 1.1244324114e-01 5.1407073762e+00 1.0000000000e-03 2.4999980021e+01 9.1234851440e+03 
9.1819180879e-01 1.0000000000e-04 1.1244324114e-01 5.2612958587e+00 1.0000000000e-03 2.4999980021e+01 9.1234851440e+03 
9.1819180879e-01 1.0000000000e-04 1.1244324114e-01 5.1602775121e+00 1.0000000000e-03 2.4999980021e+01 9.1234851440e+03 
1.1267926932e+00 1.0000000000e-03 1.1244324114e-01 2.0691940318e+00 1.0000000000e-03 2.4999980021e+01 9.1234851440e+03 
1.0083924206e+00 1.0000000000e-03 1.1244324114e-01 2.0691940318e+00 1.0000000000e-03 2.4999980021e+01 9.1234851440e+03 
9.5834156040e-01 1.0000000000e-04 1.1244324114e-01 5.2808659946e+00 1.0000000000e-03 2.4999980021e+01 9.1234851440e+03 
9.5834156040e-01 1.0000000000e-04 1.1244324114e-01 5.1407073762e+00 1.0000000000e-03 2.4999980021e+01 9.1234851440e+03 
9.1819180879e-01 1.0000000000e-04 1.1244324114e-01 5.2612958587e+00 1.0000000000e-03 2.4999980021e+01 9.1234851440e+03 
9.1819180879e-01 1.0000000000e-04 1.1244324114e-01 5.1602775121e+00 1.0000000000e-03 2.4999980021e+01 9.1234851440e+03 
1.1267926932e+00 1.0000000000e-03 1.1244324114e-01 2.0691940318e+00 1.0000000000e-03 2.4999980021e+01 9.1234851440e+03 
1.0083924206e+00 1.0000000000e-03 1.1244324114e-01 2.0691940318e+00 1.0000000000e-03 2.4999980021e+01 9.1234851440e+03 
9.5834156040e-01 1.0000000000e-04 1.1244324114e-01 5.2808659946e+00 1.0000000000e-03 2.4999980021e+01 9.1234851440e+03 
9.5834156040e-01 1.0000000000e-04 1.1244324114e-01 5.1407073762e+00 1.0000000000e-03 2.4999980021e+01 9.1234851440e+03 
9.1819180879e-01 1.0000000000e-04 1.1244324114e-01 5.2612958587e+00 1.0000000000e-03 2.4999980021e+01 9.1234851440e+03 
9.1819180879e-01 1.0000000000e-04 1.1244324114e-01 5.1602775121e+00 1.0000000000e-03 2.4999980021e+01 9.1234851440e+03 
1.1267926932e+00 1.0000000000e-03 1.1244324114e-01 2.0691940318e+00 1.0000000000e-03 2.4999980021e+01 9.1234851440e+03 
1.0083924206e+00 1.0000000000e-03 1.1244324114e-01 2.0691940318e+00 1.0000000000e-03 2.4999980021e+01 9.1234851440e+03 
9.5834156040e-01 1.0000000000e-04 1.1244324114e-01 5.2808659946e+00 1.0000000000e-03 2.4999980021e+01 9.1234851440e+03 
9.5834156040e-01 1.0000000000e-04 1.1244324114e-01 5.1407073762e+00 1.0000000000e-03 2.4999980021e+01 9.1234851440e+03 
9.1819180879e-01 1.0000000000e-04 1.1244324114e-01 5.2612958587e+00 1.0000000000e-03 2.4999980021e+01 9.1234851440e+03 
9.1819180879e-01 1.0000000000e-04 1.1244324114e-01 5.1602775121e+00 1.0000000000e-03 2.4999980021e+01 9.1234851440e+03 
1.1267926932e+00 1.0000000000e-03 1.1244324114e-01 2.0691940318e+00 1.0000000000e-03 2.4999980021e+01 9.1234851440e+03
1.0083924206e+00 1.0000000000e-03 1.1244324114e-01 2.0691940318e+00 1.0000000000e-03 2.4999980021e+01 9.1234851440e+03
9.5834156040e-01 1.0000000000e-04 1.1244324114e-01 5.2808659946e+00 1.0000000000e-03 2.4999980021e+01 9.1234851440e+03
9.5834156040e-01 1.0000000000e-04 1.1244324114e-01 5.1407073762e+00 1.0000000000e-03 2.4999980021e+01 9.1234851440e+03
9.1819180879e-01 1.0000000000e-04 1.1244324114e-01 5.2612958587e+00 1.0000000000e-03 2.4999980021e+01 9.1234851440e+03
9.1819180879e-01 1.0000000000e-04 1.1244324114e-01 5.1602775121e+00 1.0000000000e-03 2.4999980021e+01 9.1234851440e+03
