2 120
9.125015e+03 0.000000e+00 0.000000e+00 2.022551e+01 0.000000e+00
9.122995e+03 0.000000e+00 0.000000e+00 9.647743e+01 0.000000e+00
1.000000e-02 1.000000e-01 9.125015e+03 1.000000e-03
1.000000e-02 1.000000e-01 9.125015e+03 1.000000e-02
1.000000e-02 1.000000e-01 9.125015e+03 1.000000e-01
1.000000e-02 1.000000e-01 9.125015e+03 1.000000e+00
1.000000e-02 1.000000e+00 9.125015e+03 1.000000e-03
1.000000e-02 1.000000e+00 9.125015e+03 1.000000e-02
1.000000e-02 1.000000e+00 9.125015e+03 1.000000e-01
1.000000e-02 1.000000e+00 9.125015e+03 1.000000e+00
1.000000e-02 1.000000e+01 9.125015e+03 1.000000e-03
1.000000e-02 1.000000e+01 9.125015e+03 1.000000e-02
1.000000e-02 1.000000e+01 9.125015e+03 1.000000e-01
1.000000e-02 1.000000e+01 9.125015e+03 1.000000e+00
1.000000e-02 1.000000e+02 9.125015e+03 1.000000e-03
1.000000e-02 1.000000e+02 9.125015e+03 1.000000e-02
1.000000e-02 1.000000e+02 9.125015e+03 1.000000e-01
1.000000e-02 1.000000e+02 9.125015e+03 1.000000e+00
1.000000e-02 1.000000e+03 9.125015e+03 1.000000e-03
1.000000e-02 1.000000e+03 9.125015e+03 1.000000e-02
1.000000e-02 1.000000e+03 9.125015e+03 1.000000e-01
1.000000e-02 1.000000e+03 9.125015e+03 1.000000e+00
1.000000e-01 1.000000e-01 9.125015e+03 1.000000e-03
1.000000e-01 1.000000e-01 9.125015e+03 1.000000e-02
1.000000e-01 1.000000e-01 9.125015e+03 1.000000e-01
1.000000e-01 1.000000e-01 9.125015e+03 1.000000e+00
1.000000e-01 1.000000e+00 9.125015e+03 1.000000e-03
1.000000e-01 1.000000e+00 9.125015e+03 1.000000e-02
1.000000e-01 1.000000e+00 9.125015e+03 1.000000e-01
1.000000e-01 1.000000e+00 9.125015e+03 1.000000e+00
1.000000e-01 1.000000e+01 9.125015e+03 1.000000e-03
1.000000e-01 1.000000e+01 9.125015e+03 1.000000e-02
1.000000e-01 1.000000e+01 9.125015e+03 1.000000e-01
1.000000e-01 1.000000e+01 9.125015e+03 1.000000e+00
1.000000e-01 1.000000e+02 9.125015e+03 1.000000e-03
1.000000e-01 1.000000e+02 9.125015e+03 1.000000e-02
1.000000e-01 1.000000e+02 9.125015e+03 1.000000e-01
1.000000e-01 1.000000e+02 9.125015e+03 1.000000e+00
1.000000e-01 1.000000e+03 9.125015e+03 1.000000e-03
1.000000e-01 1.000000e+03 9.125015e+03 1.000000e-02
1.000000e-01 1.000000e+03 9.125015e+03 1.000000e-01
1.000000e-01 1.000000e+03 9.125015e+03 1.000000e+00
1.000000e+00 1.000000e-01 9.125015e+03 1.000000e-03
1.000000e+00 1.000000e-01 9.125015e+03 1.000000e-02
1.000000e+00 1.000000e-01 9.125015e+03 1.000000e-01
1.000000e+00 1.000000e-01 9.125015e+03 1.000000e+00
1.000000e+00 1.000000e+00 9.125015e+03 1.000000e-03
1.000000e+00 1.000000e+00 9.125015e+03 1.000000e-02
1.000000e+00 1.000000e+00 9.125015e+03 1.000000e-01
1.000000e+00 1.000000e+00 9.125015e+03 1.000000e+00
1.000000e+00 1.000000e+01 9.125015e+03 1.000000e-03
1.000000e+00 1.000000e+01 9.125015e+03 1.000000e-02
1.000000e+00 1.000000e+01 9.125015e+03 1.000000e-01
1.000000e+00 1.000000e+01 9.125015e+03 1.000000e+00
1.000000e+00 1.000000e+02 9.125015e+03 1.000000e-03
1.000000e+00 1.000000e+02 9.125015e+03 1.000000e-02
1.000000e+00 1.000000e+02 9.125015e+03 1.000000e-01
1.000000e+00 1.000000e+02 9.125015e+03 1.000000e+00
1.000000e+00 1.000000e+03 9.125015e+03 1.000000e-03
1.000000e+00 1.000000e+03 9.125015e+03 1.000000e-02
1.000000e+00 1.000000e+03 9.125015e+03 1.000000e-01
1.000000e+00 1.000000e+03 9.125015e+03 1.000000e+00
1.000000e-02 1.000000e-01 9.122995e+03 1.000000e-03
1.000000e-02 1.000000e-01 9.122995e+03 1.000000e-02
1.000000e-02 1.000000e-01 9.122995e+03 1.000000e-01
1.000000e-02 1.000000e-01 9.122995e+03 1.000000e+00
1.000000e-02 1.000000e+00 9.122995e+03 1.000000e-03
1.000000e-02 1.000000e+00 9.122995e+03 1.000000e-02
1.000000e-02 1.000000e+00 9.122995e+03 1.000000e-01
1.000000e-02 1.000000e+00 9.122995e+03 1.000000e+00
1.000000e-02 1.000000e+01 9.122995e+03 1.000000e-03
1.000000e-02 1.000000e+01 9.122995e+03 1.000000e-02
1.000000e-02 1.000000e+01 9.122995e+03 1.000000e-01
1.000000e-02 1.000000e+01 9.122995e+03 1.000000e+00
1.000000e-02 1.000000e+02 9.122995e+03 1.000000e-03
1.000000e-02 1.000000e+02 9.122995e+03 1.000000e-02
1.000000e-02 1.000000e+02 9.122995e+03 1.000000e-01
1.000000e-02 1.000000e+02 9.122995e+03 1.000000e+00
1.000000e-02 1.000000e+03 9.122995e+03 1.000000e-03
1.000000e-02 1.000000e+03 9.122995e+03 1.000000e-02
1.000000e-02 1.000000e+03 9.122995e+03 1.000000e-01
1.000000e-02 1.000000e+03 9.122995e+03 1.000000e+00
1.000000e-01 1.000000e-01 9.122995e+03 1.000000e-03
1.000000e-01 1.000000e-01 9.122995e+03 1.000000e-02
1.000000e-01 1.000000e-01 9.122995e+03 1.000000e-01
1.000000e-01 1.000000e-01 9.122995e+03 1.000000e+00
1.000000e-01 1.000000e+00 9.122995e+03 1.000000e-03
1.000000e-01 1.000000e+00 9.122995e+03 1.000000e-02
1.000000e-01 1.000000e+00 9.122995e+03 1.000000e-01
1.000000e-01 1.000000e+00 9.122995e+03 1.000000e+00
1.000000e-01 1.000000e+01 9.122995e+03 1.000000e-03
1.000000e-01 1.000000e+01 9.122995e+03 1.000000e-02
1.000000e-01 1.000000e+01 9.122995e+03 1.000000e-01
1.000000e-01 1.000000e+01 9.122995e+03 1.000000e+00
1.000000e-01 1.000000e+02 9.122995e+03 1.000000e-03
1.000000e-01 1.000000e+02 9.122995e+03 1.000000e-02
1.000000e-01 1.000000e+02 9.122995e+03 1.000000e-01
1.000000e-01 1.000000e+02 9.122995e+03 1.000000e+00
1.000000e-01 1.000000e+03 9.122995e+03 1.000000e-03
1.000000e-01 1.000000e+03 9.122995e+03 1.000000e-02
1.000000e-01 1.000000e+03 9.122995e+03 1.000000e-01
1.000000e-01 1.000000e+03 9.122995e+03 1.000000e+00
1.000000e+00 1.000000e-01 9.122995e+03 1.000000e-03
1.000000e+00 1.000000e-01 9.122995e+03 1.000000e-02
1.000000e+00 1.000000e-01 9.122995e+03 1.000000e-01
1.000000e+00 1.000000e-01 9.122995e+03 1.000000e+00
1.000000e+00 1.000000e+00 9.122995e+03 1.000000e-03
1.000000e+00 1.000000e+00 9.122995e+03 1.000000e-02
1.000000e+00 1.000000e+00 9.122995e+03 1.000000e-01
1.000000e+00 1.000000e+00 9.122995e+03 1.000000e+00
1.000000e+00 1.000000e+01 9.122995e+03 1.000000e-03
1.000000e+00 1.000000e+01 9.122995e+03 1.000000e-02
1.000000e+00 1.000000e+01 9.122995e+03 1.000000e-01
1.000000e+00 1.000000e+01 9.122995e+03 1.000000e+00
1.000000e+00 1.000000e+02 9.122995e+03 1.000000e-03
1.000000e+00 1.000000e+02 9.122995e+03 1.000000e-02
1.000000e+00 1.000000e+02 9.122995e+03 1.000000e-01
1.000000e+00 1.000000e+02 9.122995e+03 1.000000e+00
1.000000e+00 1.000000e+03 9.122995e+03 1.000000e-03
1.000000e+00 1.000000e+03 9.122995e+03 1.000000e-02
1.000000e+00 1.000000e+03 9.122995e+03 1.000000e-01
1.000000e+00 1.000000e+03 9.122995e+03 1.000000e+00
